c 9th DIMACS Implementation Challenge: Shortest Paths
c http://www.dis.uniroma1.it/~challenge9
c TIGER/Line graph USA-road-d.BAY
c
p sp 4164 10000
c graph contains 4164 nodes and 10000 arcs
c
a 1 2 1988
a 2 1 1988
a 3 4 1065
a 4 3 1065
a 4 5 6256
a 5 4 6256
a 6 7 47182
a 7 6 47182
a 8 6 1741
a 6 8 1741
a 9 8 16618
a 8 9 16618
a 10 11 1590
a 11 10 1590
a 12 13 6224
a 13 12 6224
a 14 15 1742
a 15 14 1742
a 16 14 7196
a 14 16 7196
a 16 17 4886
a 17 16 4886
a 17 18 2069
a 18 17 2069
a 19 17 1750
a 17 19 1750
a 20 16 4089
a 16 20 4089
a 20 21 4900
a 21 20 4900
a 22 20 3340
a 20 22 3340
a 22 23 4918
a 23 22 4918
a 24 22 5381
a 22 24 5381
a 24 25 5557
a 25 24 5557
a 26 24 2184
a 24 26 2184
a 27 26 2358
a 26 27 2358
a 28 29 2541
a 29 28 2541
a 29 30 5161
a 30 29 5161
a 29 7 6796
a 7 29 6796
a 31 32 481
a 32 31 481
a 32 33 73
a 33 32 73
a 34 35 626
a 35 34 626
a 36 37 6152
a 37 36 6152
a 38 37 3938
a 37 38 3938
a 37 39 14564
a 39 37 14564
a 37 40 4634
a 40 37 4634
a 40 41 15009
a 41 40 15009
a 42 41 21391
a 41 42 21391
a 43 42 9224
a 42 43 9224
a 44 45 3761
a 45 44 3761
a 46 47 313
a 47 46 313
a 48 46 16160
a 46 48 16160
a 48 49 5559
a 49 48 5559
a 50 48 6527
a 48 50 6527
a 51 50 3806
a 50 51 3806
a 35 51 217
a 51 35 217
a 52 12 1539
a 12 52 1539
a 52 15 4151
a 15 52 4151
a 53 54 2877
a 54 53 2877
a 55 56 3217
a 56 55 3217
a 56 57 7341
a 57 56 7341
a 57 58 3356
a 58 57 3356
a 58 8 7177
a 8 58 7177
a 54 6 12043
a 6 54 12043
a 59 60 7074
a 60 59 7074
a 60 61 2892
a 61 60 2892
a 61 62 4764
a 62 61 4764
a 61 63 5021
a 63 61 5021
a 63 64 3266
a 64 63 3266
a 64 65 1067
a 65 64 1067
a 65 66 23932
a 66 65 23932
a 11 66 18889
a 66 11 18889
a 67 68 6615
a 68 67 6615
a 4 69 1736
a 69 4 1736
a 70 71 583
a 71 70 583
a 70 72 1130
a 72 70 1130
a 73 72 1114
a 72 73 1114
a 73 74 1468
a 74 73 1468
a 74 71 814
a 71 74 814
a 75 76 5596
a 76 75 5596
a 77 78 784
a 78 77 784
a 79 80 5033
a 80 79 5033
a 79 10 10093
a 10 79 10093
a 81 82 4331
a 82 81 4331
a 80 81 2074
a 81 80 2074
a 83 81 5158
a 81 83 5158
a 56 84 12210
a 84 56 12210
a 84 80 6240
a 80 84 6240
a 57 83 12398
a 83 57 12398
a 82 9 2656
a 9 82 2656
a 85 86 4103
a 86 85 4103
a 87 88 1309
a 88 87 1309
a 88 89 8919
a 89 88 8919
a 86 89 8764
a 89 86 8764
a 90 91 2258
a 91 90 2258
a 92 86 3465
a 86 92 3465
a 91 92 853
a 92 91 853
a 79 84 1983
a 84 79 1983
a 68 93 5510
a 93 68 5510
a 93 79 1571
a 79 93 1571
a 75 55 209
a 55 75 209
a 94 75 3645
a 75 94 3645
a 94 93 15643
a 93 94 15643
a 95 96 382
a 96 95 382
a 97 96 566
a 96 97 566
a 98 60 4947
a 60 98 4947
a 99 100 6033
a 100 99 6033
a 100 101 2791
a 101 100 2791
a 101 102 4997
a 102 101 4997
a 102 65 5790
a 65 102 5790
a 63 64 3266
a 64 63 3266
a 78 94 1518
a 94 78 1518
a 103 104 157
a 104 103 157
a 103 70 416
a 70 103 416
a 71 104 498
a 104 71 498
a 105 101 1063
a 101 105 1063
a 105 106 5788
a 106 105 5788
a 106 102 3933
a 102 106 3933
a 107 108 1213
a 108 107 1213
a 107 109 738
a 109 107 738
a 108 109 912
a 109 108 912
a 110 111 4092
a 111 110 4092
a 111 112 9756
a 112 111 9756
a 113 112 8993
a 112 113 8993
a 110 113 5103
a 113 110 5103
a 114 115 356
a 115 114 356
a 116 117 8876
a 117 116 8876
a 116 115 1429
a 115 116 1429
a 118 119 930
a 119 118 930
a 119 105 1196
a 105 119 1196
a 120 121 603
a 121 120 603
a 122 120 730
a 120 122 730
a 123 122 12443
a 122 123 12443
a 123 124 17787
a 124 123 17787
a 125 124 556
a 124 125 556
a 125 126 2929
a 126 125 2929
a 126 127 772
a 127 126 772
a 128 127 2264
a 127 128 2264
a 129 127 1866
a 127 129 1866
a 126 130 1400
a 130 126 1400
a 130 114 3945
a 114 130 3945
a 115 131 1554
a 131 115 1554
a 116 132 11592
a 132 116 11592
a 132 85 5041
a 85 132 5041
a 133 90 3906
a 90 133 3906
a 134 135 2903
a 135 134 2903
a 136 134 1605
a 134 136 1605
a 136 137 982
a 137 136 982
a 138 136 24542
a 136 138 24542
a 121 138 7475
a 138 121 7475
a 139 119 1254
a 119 139 1254
a 140 110 4470
a 110 140 4470
a 140 141 1691
a 141 140 1691
a 141 111 1874
a 111 141 1874
a 142 143 3098
a 143 142 3098
a 144 141 6897
a 141 144 6897
a 144 111 7800
a 111 144 7800
a 145 140 2728
a 140 145 2728
a 144 145 3675
a 145 144 3675
a 146 147 8843
a 147 146 8843
a 148 146 389
a 146 148 389
a 149 150 4577
a 150 149 4577
a 150 151 253
a 151 150 253
a 152 153 2005
a 153 152 2005
a 152 149 3205
a 149 152 3205
a 154 155 5639
a 155 154 5639
a 154 156 3345
a 156 154 3345
a 157 156 1150
a 156 157 1150
a 158 159 5187
a 159 158 5187
a 160 161 3886
a 161 160 3886
a 160 162 3422
a 162 160 3422
a 162 161 585
a 161 162 585
a 163 164 2152
a 164 163 2152
a 165 164 3054
a 164 165 3054
a 166 165 784
a 165 166 784
a 167 166 3391
a 166 167 3391
a 163 168 1795
a 168 163 1795
a 169 32 1076
a 32 169 1076
a 170 169 1379
a 169 170 1379
a 170 171 1104
a 171 170 1104
a 171 32 1413
a 32 171 1413
a 172 173 21531
a 173 172 21531
a 172 174 4406
a 174 172 4406
a 174 175 2744
a 175 174 2744
a 175 176 6958
a 176 175 6958
a 173 158 727
a 158 173 727
a 177 178 16860
a 178 177 16860
a 178 173 20097
a 173 178 20097
a 179 180 354
a 180 179 354
a 181 180 7518
a 180 181 7518
a 182 183 11983
a 183 182 11983
a 184 182 3331
a 182 184 3331
a 184 185 2716
a 185 184 2716
a 185 186 9034
a 186 185 9034
a 186 187 2520
a 187 186 2520
a 187 183 2655
a 183 187 2655
a 186 188 2204
a 188 186 2204
a 189 178 14675
a 178 189 14675
a 189 172 12580
a 172 189 12580
a 190 191 3010
a 191 190 3010
a 190 191 3010
a 191 190 3010
a 192 193 10593
a 193 192 10593
a 194 192 2550
a 192 194 2550
a 195 194 2389
a 194 195 2389
a 196 197 10414
a 197 196 10414
a 176 198 5093
a 198 176 5093
a 193 175 5155
a 175 193 5155
a 193 174 3657
a 174 193 3657
a 199 200 1525
a 200 199 1525
a 200 201 3581
a 201 200 3581
a 201 202 5510
a 202 201 5510
a 202 203 13216
a 203 202 13216
a 194 192 2550
a 192 194 2550
a 204 189 4824
a 189 204 4824
a 205 204 6279
a 204 205 6279
a 206 177 8227
a 177 206 8227
a 207 206 1748
a 206 207 1748
a 208 207 14008
a 207 208 14008
a 209 207 11618
a 207 209 11618
a 210 211 4763
a 211 210 4763
a 212 210 5018
a 210 212 5018
a 213 211 6338
a 211 213 6338
a 214 215 1654
a 215 214 1654
a 214 212 7005
a 212 214 7005
a 216 199 10849
a 199 216 10849
a 217 218 13730
a 218 217 13730
a 219 220 1745
a 220 219 1745
a 219 221 2050
a 221 219 2050
a 220 221 585
a 221 220 585
a 202 222 5703
a 222 202 5703
a 201 222 7745
a 222 201 7745
a 223 224 26170
a 224 223 26170
a 223 225 13677
a 225 223 13677
a 226 223 3255
a 223 226 3255
a 227 226 5438
a 226 227 5438
a 227 228 9632
a 228 227 9632
a 228 229 351
a 229 228 351
a 229 162 12311
a 162 229 12311
a 230 160 285
a 160 230 285
a 231 230 2395
a 230 231 2395
a 232 230 334
a 230 232 334
a 161 233 12547
a 233 161 12547
a 233 234 5957
a 234 233 5957
a 233 235 443
a 235 233 443
a 235 145 14432
a 145 235 14432
a 113 236 141
a 236 113 141
a 236 59 19360
a 59 236 19360
a 237 238 1188
a 238 237 1188
a 239 237 3352
a 237 239 3352
a 239 240 736
a 240 239 736
a 240 238 3318
a 238 240 3318
a 238 241 1778
a 241 238 1778
a 237 242 1468
a 242 237 1468
a 243 216 1402
a 216 243 1402
a 244 245 1900
a 245 244 1900
a 246 244 825
a 244 246 825
a 246 245 1271
a 245 246 1271
a 247 248 1498
a 248 247 1498
a 248 249 450
a 249 248 450
a 250 249 1518
a 249 250 1518
a 250 247 717
a 247 250 717
a 251 252 1754
a 252 251 1754
a 253 251 2941
a 251 253 2941
a 254 255 2937
a 255 254 2937
a 188 183 3655
a 183 188 3655
a 247 248 1498
a 248 247 1498
a 256 257 2003
a 257 256 2003
a 258 256 569
a 256 258 569
a 259 260 1067
a 260 259 1067
a 257 260 736
a 260 257 736
a 151 148 1223
a 148 151 1223
a 261 262 6506
a 262 261 6506
a 262 96 541
a 96 262 541
a 263 95 2031
a 95 263 2031
a 147 264 1349
a 264 147 1349
a 264 261 2468
a 261 264 2468
a 265 266 5610
a 266 265 5610
a 265 267 3602
a 267 265 3602
a 268 265 4147
a 265 268 4147
a 269 268 4772
a 268 269 4772
a 269 270 1981
a 270 269 1981
a 146 271 264
a 271 146 264
a 272 268 2254
a 268 272 2254
a 271 269 2703
a 269 271 2703
a 159 273 3889
a 273 159 3889
a 273 274 1105
a 274 273 1105
a 155 273 2949
a 273 155 2949
a 274 152 347
a 152 274 347
a 275 276 2765
a 276 275 2765
a 277 276 2015
a 276 277 2015
a 278 279 7240
a 279 278 7240
a 280 281 75
a 281 280 75
a 108 280 521
a 280 108 521
a 282 109 6596
a 109 282 6596
a 283 282 3859
a 282 283 3859
a 284 107 5820
a 107 284 5820
a 285 280 163
a 280 285 163
a 279 263 349
a 263 279 349
a 286 285 4601
a 285 286 4601
a 281 106 12769
a 106 281 12769
a 287 288 416
a 288 287 416
a 289 287 5081
a 287 289 5081
a 290 289 1331
a 289 290 1331
a 291 292 6549
a 292 291 6549
a 293 294 270
a 294 293 270
a 295 294 944
a 294 295 944
a 296 295 801
a 295 296 801
a 297 298 4271
a 298 297 4271
a 297 299 1579
a 299 297 1579
a 299 300 4064
a 300 299 4064
a 300 298 1378
a 298 300 1378
a 301 302 3364
a 302 301 3364
a 303 301 1703
a 301 303 1703
a 304 303 1498
a 303 304 1498
a 305 304 2090
a 304 305 2090
a 306 305 147
a 305 306 147
a 306 307 1408
a 307 306 1408
a 307 302 990
a 302 307 990
a 308 1 1498
a 1 308 1498
a 308 309 8718
a 309 308 8718
a 309 3 1095
a 3 309 1095
a 104 310 118
a 310 104 118
a 103 310 142
a 310 103 142
a 143 311 6674
a 311 143 6674
a 312 311 3554
a 311 312 3554
a 313 314 5424
a 314 313 5424
a 315 314 5819
a 314 315 5819
a 316 313 597
a 313 316 597
a 317 318 66
a 318 317 66
a 317 319 2459
a 319 317 2459
a 319 320 71
a 320 319 71
a 156 321 746
a 321 156 746
a 322 154 944
a 154 322 944
a 264 323 4985
a 323 264 4985
a 324 97 9742
a 97 324 9742
a 96 139 291
a 139 96 291
a 262 118 548
a 118 262 548
a 325 99 1296
a 99 325 1296
a 66 52 785
a 52 66 785
a 326 295 70
a 295 326 70
a 327 328 2336
a 328 327 2336
a 329 327 1115
a 327 329 1115
a 330 329 118
a 329 330 118
a 330 331 744
a 331 330 744
a 331 332 437
a 332 331 437
a 331 296 915
a 296 331 915
a 112 333 11088
a 333 112 11088
a 333 98 1504
a 98 333 1504
a 117 77 9795
a 77 117 9795
a 334 53 7917
a 53 334 7917
a 89 54 1182
a 54 89 1182
a 76 334 3728
a 334 76 3728
a 132 87 383
a 87 132 383
a 335 336 1348
a 336 335 1348
a 337 338 1055
a 338 337 1055
a 150 339 2215
a 339 150 2215
a 340 341 2086
a 341 340 2086
a 342 343 7377
a 343 342 7377
a 343 344 2414
a 344 343 2414
a 345 346 821
a 346 345 821
a 346 347 893
a 347 346 893
a 347 348 1468
a 348 347 1468
a 348 349 3602
a 349 348 3602
a 349 350 2989
a 350 349 2989
a 350 351 2791
a 351 350 2791
a 351 352 1334
a 352 351 1334
a 353 351 3603
a 351 353 3603
a 354 353 1054
a 353 354 1054
a 355 354 3866
a 354 355 3866
a 356 355 368
a 355 356 368
a 356 357 821
a 357 356 821
a 358 357 1000
a 357 358 1000
a 358 359 1447
a 359 358 1447
a 360 359 5093
a 359 360 5093
a 360 361 1453
a 361 360 1453
a 361 362 1558
a 362 361 1558
a 362 363 3319
a 363 362 3319
a 363 364 3601
a 364 363 3601
a 365 364 973
a 364 365 973
a 366 367 940
a 367 366 940
a 367 368 18454
a 368 367 18454
a 368 369 14115
a 369 368 14115
a 370 369 821
a 369 370 821
a 370 345 4208
a 345 370 4208
a 371 372 480
a 372 371 480
a 373 371 1004
a 371 373 1004
a 373 374 885
a 374 373 885
a 374 375 991
a 375 374 991
a 375 372 288
a 372 375 288
a 376 377 2009
a 377 376 2009
a 376 378 1331
a 378 376 1331
a 379 380 918
a 380 379 918
a 381 382 120
a 382 381 120
a 383 384 4563
a 384 383 4563
a 383 385 3796
a 385 383 3796
a 385 386 301
a 386 385 301
a 386 384 1330
a 384 386 1330
a 387 388 1921
a 388 387 1921
a 387 389 797
a 389 387 797
a 389 390 1235
a 390 389 1235
a 390 391 797
a 391 390 797
a 392 393 672
a 393 392 672
a 392 387 711
a 387 392 711
a 394 395 563
a 395 394 563
a 393 394 783
a 394 393 783
a 396 397 2476
a 397 396 2476
a 396 398 1508
a 398 396 1508
a 398 399 2569
a 399 398 2569
a 397 399 1419
a 399 397 1419
a 382 383 2794
a 383 382 2794
a 400 209 19368
a 209 400 19368
a 385 400 15834
a 400 385 15834
a 401 402 4560
a 402 401 4560
a 403 404 816
a 404 403 816
a 402 403 835
a 403 402 835
a 405 406 793
a 406 405 793
a 403 405 623
a 405 403 623
a 407 408 749
a 408 407 749
a 407 409 255
a 409 407 255
a 408 401 12570
a 401 408 12570
a 402 405 861
a 405 402 861
a 406 410 1487
a 410 406 1487
a 411 412 692
a 412 411 692
a 413 412 164
a 412 413 164
a 414 413 1468
a 413 414 1468
a 414 415 1175
a 415 414 1175
a 415 416 180
a 416 415 180
a 416 411 76
a 411 416 76
a 410 417 735
a 417 410 735
a 418 414 532
a 414 418 532
a 419 420 909
a 420 419 909
a 421 419 843
a 419 421 843
a 417 422 1092
a 422 417 1092
a 423 421 203
a 421 423 203
a 424 425 679
a 425 424 679
a 426 424 965
a 424 426 965
a 427 428 676
a 428 427 676
a 429 423 541
a 423 429 541
a 430 431 2201
a 431 430 2201
a 432 430 1588
a 430 432 1588
a 433 434 320
a 434 433 320
a 435 429 1386
a 429 435 1386
a 425 436 223
a 436 425 223
a 420 437 914
a 437 420 914
a 438 435 771
a 435 438 771
a 437 427 4094
a 427 437 4094
a 436 438 521
a 438 436 521
a 422 426 30
a 426 422 30
a 428 418 5336
a 418 428 5336
a 439 330 307
a 330 439 307
a 439 440 694
a 440 439 694
a 293 440 2213
a 440 293 2213
a 442 443 264
a 443 442 264
a 443 444 345
a 444 443 345
a 444 442 377
a 442 444 377
a 445 446 1411
a 446 445 1411
a 445 447 966
a 447 445 966
a 448 449 120
a 449 448 120
a 449 450 208
a 450 449 208
a 451 452 272
a 452 451 272
a 451 453 15280
a 453 451 15280
a 454 455 1946
a 455 454 1946
a 456 455 1202
a 455 456 1202
a 456 457 600
a 457 456 600
a 457 458 1390
a 458 457 1390
a 458 459 816
a 459 458 816
a 459 454 484
a 454 459 484
a 460 461 673
a 461 460 673
a 462 461 1777
a 461 462 1777
a 463 464 1270
a 464 463 1270
a 463 465 624
a 465 463 624
a 465 466 199
a 466 465 199
a 466 467 1314
a 467 466 1314
a 467 468 2101
a 468 467 2101
a 468 469 360
a 469 468 360
a 469 470 615
a 470 469 615
a 470 471 673
a 471 470 673
a 471 472 2006
a 472 471 2006
a 472 473 992
a 473 472 992
a 473 474 654
a 474 473 654
a 474 475 662
a 475 474 662
a 476 475 249
a 475 476 249
a 477 476 549
a 476 477 549
a 477 478 739
a 478 477 739
a 479 477 81
a 477 479 81
a 480 481 432
a 481 480 432
a 482 480 273
a 480 482 273
a 475 482 973
a 482 475 973
a 474 483 832
a 483 474 832
a 483 460 552
a 460 483 552
a 484 485 2411
a 485 484 2411
a 486 484 2308
a 484 486 2308
a 485 486 2996
a 486 485 2996
a 487 488 8690
a 488 487 8690
a 489 487 9913
a 487 489 9913
a 488 489 6642
a 489 488 6642
a 490 491 176
a 491 490 176
a 492 490 3168
a 490 492 3168
a 492 493 1060
a 493 492 1060
a 493 494 2671
a 494 493 2671
a 495 494 797
a 494 495 797
a 491 495 478
a 495 491 478
a 496 449 2629
a 449 496 2629
a 496 497 286
a 497 496 286
a 498 499 4224
a 499 498 4224
a 500 501 170
a 501 500 170
a 502 500 1887
a 500 502 1887
a 502 503 2019
a 503 502 2019
a 452 504 300
a 504 452 300
a 505 506 80
a 506 505 80
a 506 507 1472
a 507 506 1472
a 507 508 2507
a 508 507 2507
a 509 508 1912
a 508 509 1912
a 509 510 460
a 510 509 460
a 510 303 264
a 303 510 264
a 301 511 877
a 511 301 877
a 511 505 949
a 505 511 949
a 453 500 2299
a 500 453 2299
a 512 513 1033
a 513 512 1033
a 514 512 968
a 512 514 968
a 515 514 1673
a 514 515 1673
a 516 515 893
a 515 516 893
a 516 517 3110
a 517 516 3110
a 517 513 1120
a 513 517 1120
a 501 518 254
a 518 501 254
a 519 520 14220
a 520 519 14220
a 521 519 1425
a 519 521 1425
a 504 521 222
a 521 504 222
a 518 520 366
a 520 518 366
a 522 523 797
a 523 522 797
a 523 524 1153
a 524 523 1153
a 524 522 760
a 522 524 760
a 506 525 102
a 525 506 102
a 526 511 1646
a 511 526 1646
a 523 524 1153
a 524 523 1153
a 527 528 10522
a 528 527 10522
a 529 527 461
a 527 529 461
a 529 530 9759
a 530 529 9759
a 530 531 1582
a 531 530 1582
a 531 532 795
a 532 531 795
a 532 533 1704
a 533 532 1704
a 533 534 2612
a 534 533 2612
a 535 530 2666
a 530 535 2666
a 535 523 474
a 523 535 474
a 522 536 1579
a 536 522 1579
a 531 536 1032
a 536 531 1032
a 537 529 10424
a 529 537 10424
a 536 532 1036
a 532 536 1036
a 538 539 3557
a 539 538 3557
a 539 540 1057
a 540 539 1057
a 541 538 202
a 538 541 202
a 542 543 3804
a 543 542 3804
a 544 542 907
a 542 544 907
a 543 545 1245
a 545 543 1245
a 546 547 2541
a 547 546 2541
a 546 548 10718
a 548 546 10718
a 549 546 209
a 546 549 209
a 550 549 2242
a 549 550 2242
a 551 550 754
a 550 551 754
a 551 552 3848
a 552 551 3848
a 552 553 4517
a 553 552 4517
a 554 552 2092
a 552 554 2092
a 554 555 35429
a 555 554 35429
a 556 557 2932
a 557 556 2932
a 557 558 9959
a 558 557 9959
a 558 529 7380
a 529 558 7380
a 559 560 14178
a 560 559 14178
a 561 562 2916
a 562 561 2916
a 563 561 368
a 561 563 368
a 564 563 702
a 563 564 702
a 565 564 1667
a 564 565 1667
a 566 565 445
a 565 566 445
a 525 566 2125
a 566 525 2125
a 562 526 2090
a 526 562 2090
a 562 567 4855
a 567 562 4855
a 302 568 538
a 568 302 538
a 568 569 5333
a 569 568 5333
a 570 569 4919
a 569 570 4919
a 571 537 6084
a 537 571 6084
a 572 573 12904
a 573 572 12904
a 574 575 500
a 575 574 500
a 576 577 2420
a 577 576 2420
a 577 578 9939
a 578 577 9939
a 579 580 67
a 580 579 67
a 581 579 1541
a 579 581 1541
a 581 582 6096
a 582 581 6096
a 582 583 2383
a 583 582 2383
a 584 583 1460
a 583 584 1460
a 583 585 2443
a 585 583 2443
a 586 585 950
a 585 586 950
a 585 587 5346
a 587 585 5346
a 587 576 18119
a 576 587 18119
a 588 574 2183
a 574 588 2183
a 587 589 2923
a 589 587 2923
a 589 590 503
a 590 589 503
a 590 591 1647
a 591 590 1647
a 591 592 1706
a 592 591 1706
a 591 593 3071
a 593 591 3071
a 593 594 2226
a 594 593 2226
a 595 577 267
a 577 595 267
a 596 597 405
a 597 596 405
a 559 598 197
a 598 559 197
a 597 599 360
a 599 597 360
a 598 572 940
a 572 598 940
a 560 600 1779
a 600 560 1779
a 601 602 715
a 602 601 715
a 601 603 3208
a 603 601 3208
a 604 603 1799
a 603 604 1799
a 605 604 2573
a 604 605 2573
a 604 603 1799
a 603 604 1799
a 606 601 4886
a 601 606 4886
a 607 606 4005
a 606 607 4005
a 608 607 2926
a 607 608 2926
a 608 609 11407
a 609 608 11407
a 610 611 208
a 611 610 208
a 610 612 5058
a 612 610 5058
a 612 613 13178
a 613 612 13178
a 614 613 1480
a 613 614 1480
a 615 614 18201
a 614 615 18201
a 594 616 1305
a 616 594 1305
a 616 617 378
a 617 616 378
a 618 617 559
a 617 618 559
a 618 619 1414
a 619 618 1414
a 619 620 15614
a 620 619 15614
a 621 587 2295
a 587 621 2295
a 622 621 1167
a 621 622 1167
a 623 621 898
a 621 623 898
a 499 624 3670
a 624 499 3670
a 625 624 525
a 624 625 525
a 626 625 1056
a 625 626 1056
a 627 626 367
a 626 627 367
a 589 627 2627
a 627 589 2627
a 628 629 2693
a 629 628 2693
a 575 628 7283
a 628 575 7283
a 630 629 9583
a 629 630 9583
a 631 581 8413
a 581 631 8413
a 632 582 1186
a 582 632 1186
a 633 634 246
a 634 633 246
a 633 635 3999
a 635 633 3999
a 635 623 8861
a 623 635 8861
a 624 571 307
a 571 624 307
a 626 636 551
a 636 626 551
a 637 625 129
a 625 637 129
a 638 639 1001
a 639 638 1001
a 639 636 726
a 636 639 726
a 600 498 2669
a 498 600 2669
a 640 633 76
a 633 640 76
a 641 640 223
a 640 641 223
a 642 641 131
a 641 642 131
a 643 635 509
a 635 643 509
a 643 644 592
a 644 643 592
a 645 643 1077
a 643 645 1077
a 646 647 3489
a 647 646 3489
a 646 648 768
a 648 646 768
a 647 640 2259
a 640 647 2259
a 599 646 2190
a 646 599 2190
a 573 560 263
a 560 573 263
a 649 650 788
a 650 649 788
a 651 619 1438
a 619 651 1438
a 652 651 521
a 651 652 521
a 638 652 1466
a 652 638 1466
a 653 627 630
a 627 653 630
a 636 653 429
a 653 636 429
a 654 631 7595
a 631 654 7595
a 654 634 15909
a 634 654 15909
a 639 593 4367
a 593 639 4367
a 653 590 2614
a 590 653 2614
a 636 653 429
a 653 636 429
a 655 656 1825
a 656 655 1825
a 655 654 8199
a 654 655 8199
a 657 655 1689
a 655 657 1689
a 658 659 1751
a 659 658 1751
a 659 660 1363
a 660 659 1363
a 661 660 115
a 660 661 115
a 658 661 1125
a 661 658 1125
a 662 663 11993
a 663 662 11993
a 664 665 3068
a 665 664 3068
a 666 665 4538
a 665 666 4538
a 666 667 2793
a 667 666 2793
a 663 667 3769
a 667 663 3769
a 665 666 4538
a 666 665 4538
a 668 669 2732
a 669 668 2732
a 669 670 2793
a 670 669 2793
a 670 668 900
a 668 670 900
a 671 672 593
a 672 671 593
a 673 674 704
a 674 673 704
a 675 674 320
a 674 675 320
a 676 675 653
a 675 676 653
a 613 668 6900
a 668 613 6900
a 670 677 7230
a 677 670 7230
a 677 678 2726
a 678 677 2726
a 614 678 10696
a 678 614 10696
a 614 679 325
a 679 614 325
a 680 681 357
a 681 680 357
a 681 615 1270
a 615 681 1270
a 679 682 306
a 682 679 306
a 683 680 321
a 680 683 321
a 682 554 373
a 554 682 373
a 684 554 18788
a 554 684 18788
a 685 686 1125
a 686 685 1125
a 687 688 1007
a 688 687 1007
a 689 687 3897
a 687 689 3897
a 690 691 10676
a 691 690 10676
a 692 693 2692
a 693 692 2692
a 694 695 194
a 695 694 194
a 696 694 1461
a 694 696 1461
a 697 696 6983
a 696 697 6983
a 698 697 7392
a 697 698 7392
a 699 698 10689
a 698 699 10689
a 691 700 3369
a 700 691 3369
a 700 701 4082
a 701 700 4082
a 701 702 6763
a 702 701 6763
a 702 695 981
a 695 702 981
a 546 703 305
a 703 546 305
a 704 705 8071
a 705 704 8071
a 706 707 1866
a 707 706 1866
a 707 705 6840
a 705 707 6840
a 708 704 1226
a 704 708 1226
a 709 708 3791
a 708 709 3791
a 710 709 33509
a 709 710 33509
a 711 710 4429
a 710 711 4429
a 711 712 16925
a 712 711 16925
a 712 713 14081
a 713 712 14081
a 713 714 11241
a 714 713 11241
a 714 706 5419
a 706 714 5419
a 715 716 555
a 716 715 555
a 432 717 341
a 717 432 341
a 717 433 684
a 433 717 684
a 718 719 1463
a 719 718 1463
a 718 720 373
a 720 718 373
a 720 721 13995
a 721 720 13995
a 722 710 2524
a 710 722 2524
a 723 711 4216
a 711 723 4216
a 724 549 162
a 549 724 162
a 725 726 342
a 726 725 342
a 726 596 1222
a 596 726 1222
a 669 612 4896
a 612 669 4896
a 727 683 246
a 683 727 246
a 727 684 1000
a 684 727 1000
a 728 729 354
a 729 728 354
a 725 703 2867
a 703 725 2867
a 730 726 973
a 726 730 973
a 731 732 16848
a 732 731 16848
a 675 733 6167
a 733 675 6167
a 733 734 411
a 734 733 411
a 733 551 11381
a 551 733 11381
a 735 726 17070
a 726 735 17070
a 736 737 2185
a 737 736 2185
a 738 736 528
a 736 738 528
a 739 738 3483
a 738 739 3483
a 739 728 1222
a 728 739 1222
a 740 741 1672
a 741 740 1672
a 742 740 2297
a 740 742 2297
a 743 742 2360
a 742 743 2360
a 702 743 943
a 743 702 943
a 687 744 2561
a 744 687 2561
a 602 745 432
a 745 602 432
a 746 745 1245
a 745 746 1245
a 745 747 1841
a 747 745 1841
a 747 748 4098
a 748 747 4098
a 748 749 1503
a 749 748 1503
a 750 748 3104
a 748 750 3104
a 750 751 1496
a 751 750 1496
a 752 750 4729
a 750 752 4729
a 753 748 1512
a 748 753 1512
a 741 748 553
a 748 741 553
a 754 755 308
a 755 754 308
a 727 756 3127
a 756 727 3127
a 671 757 1721
a 757 671 1721
a 756 757 806
a 757 756 806
a 758 759 1412
a 759 758 1412
a 759 760 8091
a 760 759 8091
a 757 760 1102
a 760 757 1102
a 757 676 338
a 676 757 338
a 758 731 10451
a 731 758 10451
a 689 700 939
a 700 689 939
a 761 697 3660
a 697 761 3660
a 743 739 9621
a 739 743 9621
a 742 762 2215
a 762 742 2215
a 740 763 1275
a 763 740 1275
a 741 764 3365
a 764 741 3365
a 764 681 1198
a 681 764 1198
a 674 673 704
a 673 674 704
a 760 756 1220
a 756 760 1220
a 688 606 800
a 606 688 800
a 693 607 394
a 607 693 394
a 681 747 588
a 747 681 588
a 755 758 244
a 758 755 244
a 765 766 720
a 766 765 720
a 729 765 251
a 765 729 251
a 767 727 2744
a 727 767 2744
a 768 767 11290
a 767 768 11290
a 769 768 1754
a 768 769 1754
a 766 769 1614
a 769 766 1614
a 770 765 2332
a 765 770 2332
a 765 771 2572
a 771 765 2572
a 772 754 175
a 754 772 175
a 772 735 10611
a 735 772 10611
a 773 709 2544
a 709 773 2544
a 773 708 5069
a 708 773 5069
a 304 510 1527
a 510 304 1527
a 774 509 675
a 509 774 675
a 775 774 1277
a 774 775 1277
a 775 776 2929
a 776 775 2929
a 777 775 677
a 775 777 677
a 778 777 1415
a 777 778 1415
a 779 778 2428
a 778 779 2428
a 779 780 329
a 780 779 329
a 781 779 1254
a 779 781 1254
a 781 782 1700
a 782 781 1700
a 782 783 1768
a 783 782 1768
a 783 306 1700
a 306 783 1700
a 305 784 1672
a 784 305 1672
a 705 785 2080
a 785 705 2080
a 707 786 7326
a 786 707 7326
a 786 785 12898
a 785 786 12898
a 787 788 824
a 788 787 824
a 789 790 766
a 790 789 766
a 789 788 274
a 788 789 274
a 791 792 1035
a 792 791 1035
a 791 792 1035
a 792 791 1035
a 791 792 1035
a 792 791 1035
a 793 739 2389
a 739 793 2389
a 695 793 7179
a 793 695 7179
a 695 743 183
a 743 695 183
a 794 694 246
a 694 794 246
a 696 794 1449
a 794 696 1449
a 694 793 7142
a 793 694 7142
a 794 738 11712
a 738 794 11712
a 795 773 33868
a 773 795 33868
a 710 796 5519
a 796 710 5519
a 797 798 802
a 798 797 802
a 797 798 802
a 798 797 802
a 798 799 607
a 799 798 607
a 798 799 607
a 799 798 607
a 801 802 15444
a 802 801 15444
a 803 801 6469
a 801 803 6469
a 803 802 12469
a 802 803 12469
a 804 805 5413
a 805 804 5413
a 806 805 17153
a 805 806 17153
a 806 807 10330
a 807 806 10330
a 807 808 527
a 808 807 527
a 808 801 7456
a 801 808 7456
a 801 804 2056
a 804 801 2056
a 46 806 731
a 806 46 731
a 809 807 515
a 807 809 515
a 810 811 16243
a 811 810 16243
a 810 812 4312
a 812 810 4312
a 812 813 26233
a 813 812 26233
a 813 123 2633
a 123 813 2633
a 122 814 2770
a 814 122 2770
a 814 815 1538
a 815 814 1538
a 815 816 1177
a 816 815 1177
a 816 811 3128
a 811 816 3128
a 817 818 42203
a 818 817 42203
a 819 820 1345
a 820 819 1345
a 820 35 11448
a 35 820 11448
a 821 822 13551
a 822 821 13551
a 823 824 3843
a 824 823 3843
a 825 823 1038
a 823 825 1038
a 51 823 5373
a 823 51 5373
a 805 826 299
a 826 805 299
a 826 827 7433
a 827 826 7433
a 828 829 522
a 829 828 522
a 829 830 945
a 830 829 945
a 831 830 1856
a 830 831 1856
a 832 831 1792
a 831 832 1792
a 833 832 2240
a 832 833 2240
a 834 833 732
a 833 834 732
a 834 828 643
a 828 834 643
a 827 835 4468
a 835 827 4468
a 835 836 6540
a 836 835 6540
a 837 836 9411
a 836 837 9411
a 826 835 6570
a 835 826 6570
a 838 40 5657
a 40 838 5657
a 134 838 4003
a 838 134 4003
a 839 840 4819
a 840 839 4819
a 841 839 54
a 839 841 54
a 224 813 6515
a 813 224 6515
a 840 812 13151
a 812 840 13151
a 121 842 5821
a 842 121 5821
a 138 842 3850
a 842 138 3850
a 466 843 626
a 843 466 626
a 843 844 432
a 844 843 432
a 843 468 915
a 468 843 915
a 814 120 2740
a 120 814 2740
a 845 846 13949
a 846 845 13949
a 847 845 6965
a 845 847 6965
a 822 847 2512
a 847 822 2512
a 848 34 4029
a 34 848 4029
a 849 841 13158
a 841 849 13158
a 850 849 8331
a 849 850 8331
a 850 851 1916
a 851 850 1916
a 852 850 4681
a 850 852 4681
a 226 852 3196
a 852 226 3196
a 853 854 2592
a 854 853 2592
a 853 839 2858
a 839 853 2858
a 840 855 6748
a 855 840 6748
a 856 810 8387
a 810 856 8387
a 856 854 5248
a 854 856 5248
a 857 858 8893
a 858 857 8893
a 847 859 1454
a 859 847 1454
a 845 860 3038
a 860 845 3038
a 858 846 9336
a 846 858 9336
a 861 862 3869
a 862 861 3869
a 863 862 3445
a 862 863 3445
a 864 861 4112
a 861 864 4112
a 865 866 8353
a 866 865 8353
a 865 820 1572
a 820 865 1572
a 824 866 3806
a 866 824 3806
a 819 865 1686
a 865 819 1686
a 867 868 2085
a 868 867 2085
a 867 869 625
a 869 867 625
a 868 376 565
a 376 868 565
a 870 871 8593
a 871 870 8593
a 870 816 6361
a 816 870 6361
a 815 872 5716
a 872 815 5716
a 842 821 10228
a 821 842 10228
a 859 857 67
a 857 859 67
a 849 873 9570
a 873 849 9570
a 852 873 4327
a 873 852 4327
a 874 858 7766
a 858 874 7766
a 875 876 5771
a 876 875 5771
a 877 875 2217
a 875 877 2217
a 878 877 488
a 877 878 488
a 879 880 1537
a 880 879 1537
a 879 876 8002
a 876 879 8002
a 881 831 2132
a 831 881 2132
a 882 881 1980
a 881 882 1980
a 883 882 1003
a 882 883 1003
a 884 883 583
a 883 884 583
a 885 884 583
a 884 885 583
a 886 885 333
a 885 886 333
a 886 832 2724
a 832 886 2724
a 887 888 6318
a 888 887 6318
a 887 889 253
a 889 887 253
a 889 890 6680
a 890 889 6680
a 890 891 3567
a 891 890 3567
a 888 891 3567
a 891 888 3567
a 892 853 623
a 853 892 623
a 893 894 1593
a 894 893 1593
a 894 888 6171
a 888 894 6171
a 891 895 2470
a 895 891 2470
a 893 895 12146
a 895 893 12146
a 887 896 4937
a 896 887 4937
a 896 894 3738
a 894 896 3738
a 897 898 1671
a 898 897 1671
a 897 898 1671
a 898 897 1671
a 811 870 4804
a 870 811 4804
a 899 900 315
a 900 899 315
a 899 901 8364
a 901 899 8364
a 901 856 3323
a 856 901 3323
a 902 903 6747
a 903 902 6747
a 904 905 13196
a 905 904 13196
a 905 906 14296
a 906 905 14296
a 906 227 4901
a 227 906 4901
a 904 226 6551
a 226 904 6551
a 907 906 4351
a 906 907 4351
a 907 228 3809
a 228 907 3809
a 908 909 5072
a 909 908 5072
a 908 910 475
a 910 908 475
a 854 911 3889
a 911 854 3889
a 911 912 9428
a 912 911 9428
a 912 909 14314
a 909 912 14314
a 913 873 12146
a 873 913 12146
a 913 904 12570
a 904 913 12570
a 914 913 20010
a 913 914 20010
a 915 914 3057
a 914 915 3057
a 905 915 7783
a 915 905 7783
a 914 915 3057
a 915 914 3057
a 916 917 502
a 917 916 502
a 918 916 1138
a 916 918 1138
a 918 919 797
a 919 918 797
a 919 917 1769
a 917 919 1769
a 901 911 3420
a 911 901 3420
a 910 920 5244
a 920 910 5244
a 920 921 12329
a 921 920 12329
a 921 892 356
a 892 921 356
a 909 922 2003
a 922 909 2003
a 922 923 2776
a 923 922 2776
a 923 908 6400
a 908 923 6400
a 924 925 492
a 925 924 492
a 925 926 501
a 926 925 501
a 898 926 1783
a 926 898 1783
a 927 897 5083
a 897 927 5083
a 927 928 988
a 928 927 988
a 929 928 3110
a 928 929 3110
a 930 924 2910
a 924 930 2910
a 931 932 2734
a 932 931 2734
a 931 932 2734
a 932 931 2734
a 933 934 11439
a 934 933 11439
a 933 935 26096
a 935 933 26096
a 935 936 9310
a 936 935 9310
a 936 937 9629
a 937 936 9629
a 937 938 4171
a 938 937 4171
a 938 934 12001
a 934 938 12001
a 939 940 5883
a 940 939 5883
a 923 940 8587
a 940 923 8587
a 922 939 2938
a 939 922 2938
a 941 942 2917
a 942 941 2917
a 942 941 2917
a 941 942 2917
a 943 944 1691
a 944 943 1691
a 945 944 2111
a 944 945 2111
a 946 945 1336
a 945 946 1336
a 946 947 340
a 947 946 340
a 947 943 2346
a 943 947 2346
a 948 949 1336
a 949 948 1336
a 950 949 339
a 949 950 339
a 951 950 1259
a 950 951 1259
a 952 953 1844
a 953 952 1844
a 954 952 478
a 952 954 478
a 955 956 370
a 956 955 370
a 956 957 563
a 957 956 563
a 957 955 517
a 955 957 517
a 958 959 1464
a 959 958 1464
a 956 960 701
a 960 956 701
a 961 955 417
a 955 961 417
a 961 959 345
a 959 961 345
a 962 963 327
a 963 962 327
a 964 965 527
a 965 964 527
a 964 966 656
a 966 964 656
a 967 966 2770
a 966 967 2770
a 967 968 626
a 968 967 626
a 969 967 208
a 967 969 208
a 969 970 799
a 970 969 799
a 971 969 692
a 969 971 692
a 972 971 1476
a 971 972 1476
a 972 973 3538
a 973 972 3538
a 974 973 353
a 973 974 353
a 975 974 458
a 974 975 458
a 976 975 275
a 975 976 275
a 977 976 401
a 976 977 401
a 978 977 712
a 977 978 712
a 979 978 3178
a 978 979 3178
a 980 979 2557
a 979 980 2557
a 981 980 2842
a 980 981 2842
a 965 981 600
a 981 965 600
a 982 983 432
a 983 982 432
a 984 982 1391
a 982 984 1391
a 984 985 454
a 985 984 454
a 983 985 1483
a 985 983 1483
a 986 987 426
a 987 986 426
a 949 986 180
a 986 949 180
a 949 988 375
a 988 949 375
a 989 990 2841
a 990 989 2841
a 990 991 4590
a 991 990 4590
a 991 992 1929
a 992 991 1929
a 992 989 2544
a 989 992 2544
a 988 993 1796
a 993 988 1796
a 994 948 1004
a 948 994 1004
a 995 996 2495
a 996 995 2495
a 996 997 23440
a 997 996 23440
a 998 999 16534
a 999 998 16534
a 990 998 2388
a 998 990 2388
a 1000 989 2994
a 989 1000 2994
a 1001 1002 2577
a 1002 1001 2577
a 1003 1002 6774
a 1002 1003 6774
a 1003 1004 2193
a 1004 1003 2193
a 1005 1003 2121
a 1003 1005 2121
a 1005 1006 815
a 1006 1005 815
a 1006 1007 1948
a 1007 1006 1948
a 1006 1008 5128
a 1008 1006 5128
a 1008 1009 2326
a 1009 1008 2326
a 1009 1010 4139
a 1010 1009 4139
a 1010 1011 4909
a 1011 1010 4909
a 1011 1012 2242
a 1012 1011 2242
a 1012 1013 2490
a 1013 1012 2490
a 1013 1014 1037
a 1014 1013 1037
a 1013 1015 4830
a 1015 1013 4830
a 1015 1016 1232
a 1016 1015 1232
a 1016 1017 10011
a 1017 1016 10011
a 1017 1018 1188
a 1018 1017 1188
a 987 1001 798
a 1001 987 798
a 987 1000 1125
a 1000 987 1125
a 1019 1020 574
a 1020 1019 574
a 1020 1021 2501
a 1021 1020 2501
a 1002 1021 8653
a 1021 1002 8653
a 993 954 9465
a 954 993 9465
a 1022 1023 640
a 1023 1022 640
a 1023 1024 658
a 1024 1023 658
a 1023 1025 700
a 1025 1023 700
a 1025 1026 1798
a 1026 1025 1798
a 1026 1027 1009
a 1027 1026 1009
a 1028 1027 886
a 1027 1028 886
a 1027 1029 1094
a 1029 1027 1094
a 1021 1005 2755
a 1005 1021 2755
a 1030 1031 2736
a 1031 1030 2736
a 1032 1030 2273
a 1030 1032 2273
a 1008 1032 1658
a 1032 1008 1658
a 1021 1031 6412
a 1031 1021 6412
a 1017 1033 3376
a 1033 1017 3376
a 1031 1017 2902
a 1017 1031 2902
a 1033 1020 2385
a 1020 1033 2385
a 1031 1034 8971
a 1034 1031 8971
a 1011 1034 2912
a 1034 1011 2912
a 1010 1035 2242
a 1035 1010 2242
a 1009 1030 1686
a 1030 1009 1686
a 1036 994 5490
a 994 1036 5490
a 1037 1036 529
a 1036 1037 529
a 1037 1038 14853
a 1038 1037 14853
a 1038 1039 5238
a 1039 1038 5238
a 1040 1041 285
a 1041 1040 285
a 1042 1043 284
a 1043 1042 284
a 1041 1044 1160
a 1044 1041 1160
a 1045 1044 664
a 1044 1045 664
a 1043 1045 1363
a 1045 1043 1363
a 1046 1047 583
a 1047 1046 583
a 1048 1040 271
a 1040 1048 271
a 1049 1042 3318
a 1042 1049 3318
a 1049 1046 455
a 1046 1049 455
a 1034 1016 2473
a 1016 1034 2473
a 1012 1050 2042
a 1050 1012 2042
a 1051 1015 1506
a 1015 1051 1506
a 953 1052 383
a 1052 953 383
a 1019 1053 499
a 1053 1019 499
a 1054 1039 667
a 1039 1054 667
a 1055 1056 659
a 1056 1055 659
a 1044 1057 1474
a 1057 1044 1474
a 1044 1058 345
a 1058 1044 345
a 1059 1060 790
a 1060 1059 790
a 1061 1059 1474
a 1059 1061 1474
a 1045 1062 299
a 1062 1045 299
a 1062 1055 596
a 1055 1062 596
a 1045 1054 986
a 1054 1045 986
a 1052 1063 408
a 1063 1052 408
a 1064 995 2973
a 995 1064 2973
a 1061 1065 2528
a 1065 1061 2528
a 1065 1066 4503
a 1066 1065 4503
a 1067 1064 690
a 1064 1067 690
a 1063 1067 925
a 1067 1063 925
a 1068 1069 443
a 1069 1068 443
a 1070 1068 1220
a 1068 1070 1220
a 1071 1072 2870
a 1072 1071 2870
a 1071 1073 8857
a 1073 1071 8857
a 1073 1074 2789
a 1074 1073 2789
a 1075 1074 7172
a 1074 1075 7172
a 1075 1076 2473
a 1076 1075 2473
a 1076 1077 1770
a 1077 1076 1770
a 997 1078 771
a 1078 997 771
a 1066 1079 1721
a 1079 1066 1721
a 1079 1075 1661
a 1075 1079 1661
a 1074 1071 9113
a 1071 1074 9113
a 1071 1080 5529
a 1080 1071 5529
a 1081 1082 2944
a 1082 1081 2944
a 1082 1065 1770
a 1065 1082 1770
a 1077 1083 550
a 1083 1077 550
a 1082 1084 780
a 1084 1082 780
a 1058 1060 909
a 1060 1058 909
a 1085 1049 426
a 1049 1085 426
a 1085 1046 478
a 1046 1085 478
a 1086 1087 3390
a 1087 1086 3390
a 1088 1087 1428
a 1087 1088 1428
a 1088 1089 1599
a 1089 1088 1599
a 1090 1091 676
a 1091 1090 676
a 1092 1090 2341
a 1090 1092 2341
a 1092 1086 1341
a 1086 1092 1341
a 1093 1094 367
a 1094 1093 367
a 1095 1096 1469
a 1096 1095 1469
a 1086 1096 529
a 1096 1086 529
a 1097 1092 1456
a 1092 1097 1456
a 1097 1098 2808
a 1098 1097 2808
a 963 1099 272
a 1099 963 272
a 1100 1099 4211
a 1099 1100 4211
a 1079 1076 1800
a 1076 1079 1800
a 1099 1093 324
a 1093 1099 324
a 1101 962 1769
a 962 1101 1769
a 1099 1102 1737
a 1102 1099 1737
a 973 1085 284
a 1085 973 284
a 974 1085 284
a 1085 974 284
a 974 1049 563
a 1049 974 563
a 966 971 2635
a 971 966 2635
a 1103 1104 333
a 1104 1103 333
a 1105 1103 1115
a 1103 1105 1115
a 1105 1104 1447
a 1104 1105 1447
a 1106 964 1676
a 964 1106 1676
a 1106 1107 366
a 1107 1106 366
a 1107 972 905
a 972 1107 905
a 1108 1109 2979
a 1109 1108 2979
a 1110 1108 987
a 1108 1110 987
a 1111 1110 854
a 1110 1111 854
a 1111 1112 1975
a 1112 1111 1975
a 1113 1112 583
a 1112 1113 583
a 1114 1113 1740
a 1113 1114 1740
a 1115 1114 517
a 1114 1115 517
a 1116 1114 995
a 1114 1116 995
a 1117 1116 1231
a 1116 1117 1231
a 1118 1116 2236
a 1116 1118 2236
a 1119 1118 417
a 1118 1119 417
a 1120 1119 212
a 1119 1120 212
a 1121 1120 1028
a 1120 1121 1028
a 1122 1109 2640
a 1109 1122 2640
a 1123 1110 2501
a 1110 1123 2501
a 1104 1123 673
a 1123 1104 673
a 959 1105 222
a 1105 959 222
a 1124 961 82
a 961 1124 82
a 1124 1125 417
a 1125 1124 417
a 1126 1125 117
a 1125 1126 117
a 1126 1118 556
a 1118 1126 556
a 1116 1127 1060
a 1127 1116 1060
a 1127 1128 1510
a 1128 1127 1510
a 1128 1111 717
a 1111 1128 717
a 1046 973 667
a 973 1046 667
a 1129 1121 152
a 1121 1129 152
a 1107 1129 341
a 1129 1107 341
a 1130 1106 1469
a 1106 1130 1469
a 1094 1130 2006
a 1130 1094 2006
a 1131 1103 441
a 1103 1131 441
a 1132 1131 824
a 1131 1132 824
a 1133 1134 625
a 1134 1133 625
a 1133 1135 583
a 1135 1133 583
a 1136 1133 615
a 1133 1136 615
a 1137 1136 370
a 1136 1137 370
a 1137 1138 345
a 1138 1137 345
a 1138 1139 1231
a 1139 1138 1231
a 1139 1140 417
a 1140 1139 417
a 1140 1141 824
a 1141 1140 824
a 1141 1142 583
a 1142 1141 583
a 1143 1142 417
a 1142 1143 417
a 1047 1143 1093
a 1143 1047 1093
a 1047 958 3090
a 958 1047 3090
a 1144 1145 1403
a 1145 1144 1403
a 1145 1048 1678
a 1048 1145 1678
a 1143 1144 992
a 1144 1143 992
a 1146 1147 1690
a 1147 1146 1690
a 1147 1148 2757
a 1148 1147 2757
a 1149 1148 2614
a 1148 1149 2614
a 1149 1150 3386
a 1150 1149 3386
a 1151 1149 2063
a 1149 1151 2063
a 1152 1153 4003
a 1153 1152 4003
a 1154 1152 2459
a 1152 1154 2459
a 1154 1155 2223
a 1155 1154 2223
a 1155 1156 2838
a 1156 1155 2838
a 1156 1157 2034
a 1157 1156 2034
a 1158 1157 1097
a 1157 1158 1097
a 1157 1159 1082
a 1159 1157 1082
a 1159 1160 1975
a 1160 1159 1975
a 1159 1146 3178
a 1146 1159 3178
a 1119 1126 485
a 1126 1119 485
a 1161 1162 400
a 1162 1161 400
a 1161 1162 400
a 1162 1161 400
a 957 1163 455
a 1163 957 455
a 1163 1124 296
a 1124 1163 296
a 1102 1122 2363
a 1122 1102 2363
a 1164 1098 1131
a 1098 1164 1131
a 1164 1165 1679
a 1165 1164 1679
a 1165 1166 567
a 1166 1165 567
a 1165 1167 1882
a 1167 1165 1882
a 1168 1167 941
a 1167 1168 941
a 1109 1168 1509
a 1168 1109 1509
a 1128 1169 987
a 1169 1128 987
a 1169 1113 1026
a 1113 1169 1026
a 1170 1169 583
a 1169 1170 583
a 1127 1171 882
a 1171 1127 882
a 1172 1173 1951
a 1173 1172 1951
a 1153 1172 928
a 1172 1153 928
a 1174 1175 2148
a 1175 1174 2148
a 1176 1174 1455
a 1174 1176 1455
a 1176 1177 2223
a 1177 1176 2223
a 1177 1173 2599
a 1173 1177 2599
a 1072 1151 370
a 1151 1072 370
a 1178 1138 869
a 1138 1178 869
a 1179 1178 466
a 1178 1179 466
a 1180 1179 241
a 1179 1180 241
a 1181 1179 206
a 1179 1181 206
a 1182 1178 448
a 1178 1182 448
a 1142 1182 600
a 1182 1142 600
a 1183 1140 478
a 1140 1183 478
a 1184 1183 221
a 1183 1184 221
a 1183 1185 181
a 1185 1183 181
a 1144 1137 1641
a 1137 1144 1641
a 1186 1182 344
a 1182 1186 344
a 1145 1174 2428
a 1174 1145 2428
a 1144 1176 2600
a 1176 1144 2600
a 1188 1189 889
a 1189 1188 889
a 1190 1188 529
a 1188 1190 529
a 1191 1188 1012
a 1188 1191 1012
a 1192 1191 1194
a 1191 1192 1194
a 1192 1193 1970
a 1193 1192 1970
a 1193 1194 1315
a 1194 1193 1315
a 1195 1194 2013
a 1194 1195 2013
a 1196 1195 1740
a 1195 1196 1740
a 1197 1196 1243
a 1196 1197 1243
a 1197 1198 1493
a 1198 1197 1493
a 1198 1199 1375
a 1199 1198 1375
a 1200 1199 1169
a 1199 1200 1169
a 1199 1196 2442
a 1196 1199 2442
a 1201 1195 4080
a 1195 1201 4080
a 1202 1201 566
a 1201 1202 566
a 1202 1203 7783
a 1203 1202 7783
a 1204 1205 1896
a 1205 1204 1896
a 1204 1206 1333
a 1206 1204 1333
a 1207 1204 2949
a 1204 1207 2949
a 1207 1203 1606
a 1203 1207 1606
a 1208 1202 1613
a 1202 1208 1613
a 1208 1209 3885
a 1209 1208 3885
a 1209 1210 460
a 1210 1209 460
a 1210 1211 655
a 1211 1210 655
a 1211 1212 619
a 1212 1211 619
a 1213 1212 615
a 1212 1213 615
a 1214 1213 3098
a 1213 1214 3098
a 1215 1214 3692
a 1214 1215 3692
a 1216 1215 9847
a 1215 1216 9847
a 1217 1216 1252
a 1216 1217 1252
a 1218 1217 730
a 1217 1218 730
a 1219 1218 1544
a 1218 1219 1544
a 1220 1219 817
a 1219 1220 817
a 1221 1220 1506
a 1220 1221 1506
a 1221 1222 1004
a 1222 1221 1004
a 1222 1223 767
a 1223 1222 767
a 1223 1224 1534
a 1224 1223 1534
a 1223 1225 927
a 1225 1223 927
a 1222 1226 540
a 1226 1222 540
a 1226 1227 778
a 1227 1226 778
a 1226 1228 1117
a 1228 1226 1117
a 1229 1221 793
a 1221 1229 793
a 1230 1229 617
a 1229 1230 617
a 1230 1231 3296
a 1231 1230 3296
a 1231 1232 851
a 1232 1231 851
a 1232 1233 417
a 1233 1232 417
a 1232 1234 690
a 1234 1232 690
a 1232 1235 1678
a 1235 1232 1678
a 1235 1236 1502
a 1236 1235 1502
a 1237 1238 370
a 1238 1237 370
a 1239 1237 1042
a 1237 1239 1042
a 1239 1240 3181
a 1240 1239 3181
a 1240 1241 1333
a 1241 1240 1333
a 1241 1242 1299
a 1242 1241 1299
a 1241 1243 2335
a 1243 1241 2335
a 1243 1244 1336
a 1244 1243 1336
a 1243 1245 2500
a 1245 1243 2500
a 1245 1246 2127
a 1246 1245 2127
a 1245 1247 3276
a 1247 1245 3276
a 1240 1248 1897
a 1248 1240 1897
a 1248 1249 562
a 1249 1248 562
a 1249 1250 1151
a 1250 1249 1151
a 1250 1251 63
a 1251 1250 63
a 1252 1250 2683
a 1250 1252 2683
a 1253 1252 1927
a 1252 1253 1927
a 1254 1253 991
a 1253 1254 991
a 1255 1253 748
a 1253 1255 748
a 1256 1255 623
a 1255 1256 623
a 1257 1255 2976
a 1255 1257 2976
a 1258 1252 817
a 1252 1258 817
a 1259 1258 1073
